(736,413331, 27555)
(1245,318, 318)
(312,25100, 12550)
(1486,2373, 2373)
(627,316472, 35163)
(317,338746, 33874)
(436,71689, 3413)
(717,338746, 33874)
(672,40874, 40874)
(191,2466, 274)
(1077,316472, 35163)
(1240,41828, 41828)
(1615,390802, 24425)
(1554,280481, 16498)
(989,316790, 31679)
(1116,316790, 31679)
(1389,100235, 100235)
(642,373215, 20734)
(1596,1864, 1864)
(1104,316472, 35163)
(792,117479, 14684)
(582,80761, 7341)
(466,306856, 153428)
(1308,286, 286)
(831,4888, 2444)
(1471,921971, 70920)
(1002,371662, 24777)
(1445,215773, 23974)
(1587,13596, 13596)
(1601,4570, 4570)
(685,2905, 2905)
(1415,17974, 17974)
(178,12550, 12550)
(749,65855, 65855)
(31,4684118, 108932)
(1472,339382, 28281)
(263,5694994, 5694994)
(1275,8663, 4331)
(789,12324, 12324)
(556,211748, 21174)
(884,286, 143)
(33,8179, 1363)
(1277,454616, 22730)
(383,373215, 20734)
(788,339064, 30824)
(271,12550, 12550)
(91,81083, 81083)
(1402,277, 277)
(290,49000, 24500)
(1027,341610, 31055)
(1241,4286, 2143)
(1480,604638, 100773)
(1426,65855, 65855)
(874,384530, 34957)
(929,316472, 35163)
(729,851161, 56744)
(801,65855, 65855)
(1151,131069, 5041)
(1572,12550, 12550)
(1384,40777, 4530)
(1546,286, 286)
(1013,316790, 31679)
(636,2381, 1190)
(1056,316790, 31679)
(1150,12824, 6412)
(791,630591, 210197)
(406,91789, 13112)
(10,554, 277)
(980,316790, 31679)
(1351,17863, 17863)
(490,22018, 7339)
(259,4112, 1370)
(1317,110095, 110095)
(186,13600, 13600)
(352,327544, 109181)
(174,81083, 81083)
(730,3518576, 44538)
(254,506608, 42217)
(1280,41828, 41828)
(498,5669, 2834)
(413,314, 314)
(471,38496, 38496)
(939,316790, 31679)
(1017,404390, 25274)
(1121,0, 0)
(1584,327544, 109181)
(1188,318761, 106253)
(1288,318, 318)
(194,601, 300)
(1074,316472, 35163)
(1535,426936, 23718)
(1139,338746, 33874)
(1066,316472, 35163)
(843,93077, 31025)
(1346,8377, 8377)
(1347,41664, 4166)
(858,15434, 15434)
(938,316472, 35163)
(825,1720570, 22345)
(222,2269573, 1134786)
(1123,357492, 32499)
(410,4922, 4922)
(104,27771, 4628)
(535,12550, 12550)
(947,317325, 28847)
(1200,373215, 20734)
(1140,81083, 81083)
(1513,230488, 28811)
(1497,338746, 33874)
(1354,40777, 4530)
(544,72090, 72090)
(637,396824, 33068)
(240,11715, 11715)
(900,18821, 6273)
(665,12550, 12550)
(1070,316472, 35163)
(105,15531, 3882)
(1428,59545, 59545)
(1001,325277, 29570)
(1375,13367, 6683)
(400,339064, 30824)
(1552,325894, 29626)
(623,277, 277)
(748,25100, 12550)
(577,110095, 110095)
(918,339064, 30824)
(500,606146, 121229)
(72,81083, 81083)
(1324,65855, 65855)
(1286,501451, 20058)
(160,338746, 33874)
(1391,19659, 9829)
(1430,107694, 15384)
(1607,90681, 45340)
(489,8663, 4331)
(928,316790, 31679)
(570,25100, 12550)
(1132,19933, 9966)
(1247,275194, 17199)
(690,284471, 25861)
(446,40168, 20084)
(692,339064, 30824)
(905,33231, 8307)
(1411,72506, 14501)
(88,81083, 81083)
(157,12550, 12550)
(4,0, 0)
(315,7383, 7383)
(454,900, 225)
(809,7383, 7383)
(742,286, 286)
(358,15203, 7601)
(1012,372386, 31032)
(631,338746, 33874)
(754,318, 159)
(1187,388685, 12538)
(787,394645, 24665)
(1379,7383, 7383)
(376,744815, 106402)
(854,12550, 12550)
(1367,286, 143)
(170,339064, 30824)
(933,316472, 35163)
(1115,421211, 24777)
(1461,12836, 6418)
(185,81083, 81083)
(266,13900, 4633)
(1532,12824, 6412)
(1399,318, 318)
(661,164012, 16401)
(712,339064, 30824)
(594,0, 0)
(311,37650, 12550)
(1339,0, 0)
(1301,25100, 12550)
(460,81083, 81083)
(756,40811, 20405)
(64,321725, 321725)
(215,40168, 20084)
(1273,286, 143)
(343,62750, 12550)
(1080,449516, 28094)
(857,31262, 31262)
(1361,107694, 15384)
(1221,621132, 32691)
(859,211748, 21174)
(340,338746, 33874)
(775,422643, 84528)
(397,218482, 31211)
(958,316790, 31679)
(68,59028, 29514)
(363,0, 0)
(1278,180946, 90473)
(1190,339064, 30824)
(773,457549, 26914)
(144,12550, 12550)
(427,339064, 30824)
(1297,19341, 19341)
(907,720442, 34306)
(499,41346, 4594)
(467,286, 143)
(1590,396824, 33068)
(238,338746, 33874)
(1133,12550, 12550)
(741,262183, 37454)
(703,12550, 12550)
(1311,362082, 90520)
(1175,50200, 12550)
(324,30658, 30658)
(1397,11586, 11586)
(1078,316472, 35163)
(1377,127528, 9109)
(1462,312, 312)
(305,65855, 65855)
(411,1371692, 91446)
(700,338746, 33874)
(25,112950, 12550)
(1487,3435263, 110814)
(983,316472, 35163)
(999,316790, 31679)
(1225,316790, 31679)
(1496,22622, 7540)
(1007,420056, 24709)
(713,775489, 25015)
(330,12550, 12550)
(1239,11968, 11968)
(1149,106334, 53167)
(813,59545, 59545)
(1448,19341, 19341)
(1580,339064, 30824)
(1016,413908, 25869)
(1018,316790, 31679)
(872,316790, 31679)
(539,324740, 29521)
(1610,448273, 20376)
(389,12550, 12550)
(338,10722, 2680)
(814,286, 95)
(1467,301521, 23193)
(76,81083, 81083)
(1598,195142, 195142)
(824,47181, 7863)
(1469,735986, 56614)
(1113,316790, 31679)
(552,62750, 12550)
(865,1096188, 19574)
(1052,316472, 35163)
(885,90096, 45048)
(1041,316790, 31679)
(1386,3110, 1555)
(1592,377898, 31491)
(1026,561672, 31204)
(204,0, 0)
(16,12079393, 95113)
(1199,812523, 62501)
(1044,472308, 29519)
(439,13367, 6683)
(175,26425, 5285)
(1582,585829, 48819)
(1195,0, 0)
(705,50200, 12550)
(553,1579154, 112796)
(247,10167, 2033)
(1319,277, 277)
(919,12550, 12550)
(1542,316790, 31679)
(200,303868, 5733)
(306,123966, 41322)
(1475,239235, 29904)
(464,339064, 30824)
(1306,42200, 8440)
(261,286, 286)
(969,316790, 31679)
(726,446417, 111604)
(293,16808, 4202)
(146,339064, 30824)
(990,11077, 11077)
(1261,286, 286)
(245,373215, 20734)
(40,62750, 12550)
(468,1186413, 395471)
(765,11072, 5536)
(50,81083, 81083)
(1526,339064, 30824)
(87,316790, 31679)
(923,338746, 33874)
(1118,316790, 31679)
(480,1191, 238)
(1183,50788, 12697)
(1130,316790, 31679)
(659,122300, 122300)
(482,3064, 612)
(12,395460, 35950)
(347,1192, 298)
(474,485515, 9710)
(1608,4281, 4281)
(1258,22622, 7540)
(1307,338746, 33874)
(1570,12550, 12550)
(1457,312, 312)
(161,12824, 6412)
(417,0, 0)
(574,134412, 16801)
(96,25100, 12550)
(19,892834, 111604)
(531,144941, 16104)
(757,12550, 6275)
(463,14766, 7383)
(505,41437, 41437)
(1079,316790, 31679)
(230,78130, 8681)
(93,2020790, 505197)
(867,277, 277)
(604,68572, 13714)
(1153,203466, 22607)
(525,505603, 101120)
(81,592, 296)
(658,12751, 6375)
(244,81083, 81083)
(621,286, 143)
(1337,25100, 12550)
(208,19659, 9829)
(166,0, 0)
(1355,93077, 31025)
(84,105847, 9622)
(412,314, 314)
(1081,316790, 31679)
(1185,339064, 30824)
(893,14635, 7317)
(1500,117479, 14684)
(612,586408, 15036)
(415,26913, 13456)
(1068,399181, 28512)
(60,62750, 12550)
(1091,316472, 35163)
(769,316790, 31679)
(954,368762, 24584)
(1452,22304, 11152)
(147,3977671, 27815)
(1459,12550, 12550)
(1010,316472, 35163)
(1102,397768, 23398)
(1173,284471, 25861)
(196,37650, 12550)
(212,316790, 31679)
(152,338746, 33874)
(1446,12824, 6412)
(564,409144, 25571)
(720,91789, 13112)
(596,105830, 105830)
(491,4112, 1370)
(478,41431, 41431)
(1238,455795, 113948)
(1422,316790, 31679)
(450,931583, 22721)
(1289,396506, 36046)
(1470,16248, 16248)
(1214,129256, 129256)
(1515,316790, 31679)
(1519,22304, 11152)
(145,18149, 9074)
(862,286, 143)
(678,41828, 41828)
(839,286, 143)
(149,1352685, 338171)
(434,1916403, 136885)
(806,205358, 10808)
(187,396824, 33068)
(487,3564, 3564)
(991,316472, 35163)
(258,107694, 15384)
(1186,59545, 59545)
(647,218461, 109230)
(649,339064, 30824)
(1405,141278, 15697)
(414,314, 314)
(1128,1088571, 90714)
(1269,607, 303)
(1357,12836, 6418)
(851,12550, 12550)
(235,50772, 8462)
(615,40027, 40027)
(934,655218, 34485)
(475,12550, 12550)
(1385,8695, 4347)
(379,153852, 21978)
(618,12271, 12271)
(90,572, 286)
(137,12550, 12550)
(578,25100, 12550)
(1565,47486, 7914)
(470,916185, 36647)
(619,8655, 8655)
(750,339064, 30824)
(342,637522, 106253)
(1292,122080, 24416)
(770,92908, 23227)
(1550,59545, 59545)
(1193,117479, 14684)
(1145,316790, 31679)
(192,12550, 12550)
(225,26196, 2910)
(181,338746, 33874)
(1167,338746, 33874)
(38,318, 318)
(70,36928, 36928)
(43,355325, 6126)
(353,235544, 117772)
(509,40416, 40416)
(1179,455795, 113948)
(1589,274145, 91381)
(1395,65590, 8198)
(391,609, 304)
(282,59295, 59295)
(82,12550, 12550)
(232,595, 297)
(346,65855, 65855)
(766,677810, 32276)
(426,76890, 19222)
(190,338746, 33874)
(753,12550, 12550)
(799,164012, 16401)
(1290,327544, 109181)
(664,55477, 27738)
(301,428152, 26759)
(494,0, 0)
(875,12550, 12550)
(355,50537, 25268)
(1390,100235, 100235)
(1124,661, 330)
(503,69181, 69181)
(357,338746, 33874)
(1556,338746, 33874)
(1514,109331, 109331)
(1085,316790, 31679)
(847,21867, 21867)
(956,316790, 31679)
(784,46625, 5180)
(691,12810, 12810)
(815,59295, 59295)
(472,70480, 17620)
(1499,59545, 59545)
(428,12550, 12550)
(18,6745, 6745)
(852,13886, 6943)
(1295,316790, 31679)
(1053,221439, 24604)
(838,118245, 4926)
(1192,72681, 24227)
(1528,51834, 12958)
(71,117479, 14684)
(448,286, 95)
(299,1593, 1593)
(644,8599, 8599)
(111,81083, 81083)
(350,339064, 30824)
(477,13600, 13600)
(601,554, 277)
(1416,19768, 9884)
(1320,6220, 1555)
(125,62750, 12550)
(917,164050, 82025)
(1073,359324, 25666)
(931,316790, 31679)
(458,240022, 26669)
(1414,549815, 183271)
(1335,6745, 6745)
(979,316790, 31679)
(1282,316790, 31679)
(98,12769, 2128)
(203,339064, 30824)
(199,940582, 30341)
(1440,443958, 31711)
(1493,40168, 20084)
(902,125975, 11452)
(1410,277, 277)
(963,316790, 31679)
(233,37650, 12550)
(515,270478, 13523)
(1216,318, 318)
(1015,316472, 35163)
(1483,318, 318)
(1316,338746, 33874)
(613,70480, 17620)
(492,22108, 22108)
(1341,316472, 35163)
(296,3634, 1817)
(802,52842, 52842)
(210,396824, 33068)
(1127,2381, 1190)
(398,23297, 23297)
(808,7031, 3515)
(453,91538, 91538)
(1579,353981, 29498)
(977,316790, 31679)
(452,12550, 12550)
(826,12550, 12550)
(993,327549, 32754)
(329,318, 318)
(1159,11077, 11077)
(362,57302, 9550)
(206,338746, 33874)
(1512,62210, 4785)
(1037,316790, 31679)
(1107,316472, 35163)
(1223,81083, 81083)
(52,12824, 6412)
(704,164012, 16401)
(321,239299, 26588)
(1147,99259, 11028)
(1309,12824, 6412)
(943,316790, 31679)
(818,506552, 101310)
(877,70480, 17620)
(278,338746, 33874)
(1234,72090, 72090)
(879,40777, 4530)
(243,102592, 6412)
(387,12550, 12550)
(585,41828, 41828)
(985,316472, 35163)
(1284,339064, 30824)
(901,41828, 41828)
(1370,402510, 23677)
(168,211192, 26399)
(1406,317108, 28828)
(546,50050, 16683)
(602,109331, 109331)
(1312,14635, 7317)
(252,60593, 10098)
(746,559599, 559599)
(1310,338746, 33874)
(1600,486899, 19475)
(1314,338746, 33874)
(549,218482, 31211)
(1363,655140, 327570)
(527,1802426, 150202)
(1502,517365, 28742)
(957,316790, 31679)
(603,484277, 13836)
(521,12550, 12550)
(1539,286, 143)
(250,430439, 107609)
(140,4849532, 20993)
(1101,316472, 17581)
(640,0, 0)
(971,316472, 35163)
(529,41828, 41828)
(65,308, 308)
(1518,316472, 35163)
(303,72090, 72090)
(359,423496, 20166)
(67,6384, 3192)
(5,25100, 12550)
(1030,316790, 31679)
(1479,0, 0)
(1138,72090, 72090)
(510,8470, 2117)
(1396,89778, 89778)
(563,17863, 17863)
(1603,47853, 23926)
(85,81083, 81083)
(309,110095, 110095)
(739,408900, 25556)
(380,286, 143)
(1218,8599, 8599)
(894,339064, 30824)
(1435,43406, 7234)
(198,338746, 33874)
(1231,213223, 106611)
(469,378216, 29093)
(1178,12550, 12550)
(113,38496, 38496)
(598,9825, 9825)
(228,81083, 81083)
(727,93886, 46943)
(1511,366815, 30567)
(759,65855, 65855)
(1294,572, 143)
(1525,406043, 13098)
(1165,12474621, 66003)
(291,12550, 12550)
(752,12808, 12808)
(949,316790, 31679)
(868,4441, 4441)
(1438,65590, 8198)
(537,127617, 15952)
(870,70933, 35466)
(779,156501, 39125)
(915,65590, 8198)
(339,64552, 12910)
(189,50200, 12550)
(961,316790, 31679)
(29,286, 286)
(1158,11077, 11077)
(1111,316472, 35163)
(616,110095, 110095)
(1144,192393, 27484)
(1155,316790, 31679)
(715,19659, 9829)
(179,19659, 9829)
(442,338746, 33874)
(485,485531, 26973)
(1110,316472, 35163)
(1491,335244, 55874)
(1203,0, 0)
(483,338746, 33874)
(873,15620, 15620)
(1226,218482, 31211)
(1171,316790, 31679)
(325,757421, 24432)
(1484,8599, 8599)
(142,0, 0)
(804,211748, 21174)
(1181,65590, 8198)
(1097,40416, 40416)
(516,454227, 26719)
(1571,192711, 24088)
(408,12550, 12550)
(304,14635, 7317)
(425,339064, 30824)
(437,286, 143)
(850,8199, 8199)
(973,319358, 26613)
(534,37505, 37505)
(967,86737, 28912)
(126,2064667, 23198)
(786,318, 318)
(912,65590, 8198)
(1227,373533, 19659)
(600,316790, 31679)
(1054,316472, 35163)
(1114,316790, 31679)
(405,117492, 117492)
(1536,339064, 30824)
(1162,110095, 110095)
(1206,896971, 112121)
(46,1144, 127)
(533,318, 318)
(373,19659, 6553)
(1331,47405, 15801)
(219,81083, 81083)
(1299,318761, 106253)
(701,16248, 16248)
(318,0, 0)
(732,339064, 30824)
(1442,93077, 31025)
(136,339064, 30824)
(1374,50362, 50362)
(1023,316790, 31679)
(944,316790, 31679)
(1573,1805, 902)
(567,72090, 72090)
(49,105424, 105424)
(1303,335562, 47937)
(224,224181, 22418)
(97,62750, 12550)
(863,277, 277)
(758,396824, 33068)
(1516,52531, 13132)
(280,25100, 12550)
(611,131180, 8198)
(255,0, 0)
(54,3226, 403)
(683,338746, 33874)
(940,336484, 30589)
(1569,131180, 8198)
(438,40071, 4452)
(1369,316472, 35163)
(1252,100991, 100991)
(1423,18091, 18091)
(1248,127617, 21269)
(1372,0, 0)
(1271,441745, 88349)
(205,129448, 21574)
(803,373533, 19659)
(236,100235, 100235)
(771,594200, 16977)
(620,37650, 12550)
(117,12550, 12550)
(392,1599829, 99989)
(1425,318, 318)
(995,316790, 31679)
(1141,110095, 110095)
(80,81083, 81083)
(643,318761, 106253)
(1412,316790, 31679)
(455,654854, 654854)
(337,179815, 89907)
(241,582953, 145738)
(721,65855, 65855)
(130,19659, 9829)
(764,339064, 30824)
(1279,339064, 30824)
(1366,339064, 30824)
(327,70480, 17620)
(265,339064, 30824)
(300,12550, 12550)
(1564,339064, 30824)
(811,263786, 26378)
(30,40459, 5057)
(1174,12550, 12550)
(536,735196, 66836)
(1072,316472, 35163)
(1604,8342, 8342)
(77,81083, 81083)
(260,462993, 24368)
(1545,339064, 30824)
(1063,316472, 35163)
(1358,12550, 12550)
(722,2667442, 10220)
(1008,316472, 35163)
(234,25100, 12550)
(743,2905, 2905)
(394,2544446, 20519)
(251,30152, 10050)
(385,286, 286)
(925,286, 286)
(942,316472, 35163)
(1595,0, 0)
(106,129448, 21574)
(390,72090, 72090)
(1594,132642, 33160)
(514,378216, 29093)
(407,9508, 1584)
(1547,8599, 8599)
(959,316790, 31679)
(51,72090, 72090)
(141,446417, 111604)
(227,81083, 81083)
(156,25100, 12550)
(1429,338746, 33874)
(1039,428078, 28538)
(1495,65590, 8198)
(864,2381, 1190)
(614,13886, 6943)
(622,28790, 28790)
(1202,338746, 33874)
(451,262611, 13821)
(1444,502758, 25137)
(118,491472, 44679)
(674,378216, 29093)
(911,65590, 8198)
(547,117492, 117492)
(1182,0, 0)
(386,30985, 7746)
(833,1686196, 99188)
(1229,339064, 30824)
(154,286, 143)
(772,34916, 17458)
(835,200470, 100235)
(1129,227458, 14216)
(127,12550, 12550)
(866,11872, 5936)
(1287,413203, 34433)
(83,70480, 17620)
(569,12550, 12550)
(745,37650, 12550)
(1217,12824, 6412)
(1219,16248, 16248)
(1096,316790, 31679)
(133,17172, 8586)
(1419,0, 0)
(922,413203, 34433)
(1368,783808, 21184)
(402,64691, 10781)
(401,286, 95)
(461,118245, 4926)
(1534,14635, 7317)
(1264,580, 290)
(1549,2593, 2593)
(365,339064, 30824)
(26,0, 0)
(913,41828, 41828)
(996,316790, 31679)
(1100,316472, 35163)
(1533,12824, 6412)
(652,100400, 12550)
(1531,107694, 15384)
(1473,450500, 14532)
(558,338746, 33874)
(316,0, 0)
(845,264104, 24009)
(384,549, 274)
(14,338746, 33874)
(1315,5694994, 5694994)
(588,65590, 8198)
(1164,316472, 35163)
(1272,274, 274)
(218,107712, 107712)
(559,2088, 2088)
(1263,425519, 23639)
(1191,9899894, 449995)
(1055,231278, 25697)
(2,339064, 30824)
(1009,540209, 31777)
(978,316790, 31679)
(1084,316472, 35163)
(716,109331, 109331)
(1242,459980, 153326)
(680,0, 0)
(440,75997, 25332)
(542,19341, 19341)
(565,192711, 24088)
(1172,339064, 30824)
(109,138050, 12550)
(1103,317108, 28828)
(143,286, 143)
(682,274145, 91381)
(430,388426, 25895)
(1095,125639, 41879)
(1251,12836, 6418)
(557,22622, 7540)
(1069,316790, 31679)
(1401,339064, 30824)
(1599,59295, 59295)
(698,37505, 37505)
(248,318761, 106253)
(1220,14917, 14917)
(1050,316790, 31679)
(695,107694, 15384)
(1253,338746, 33874)
(607,192711, 24088)
(684,286, 286)
(998,616503, 38531)
(78,81083, 81083)
(837,233170, 14573)
(418,409633, 31510)
(1180,40777, 4530)
(526,286, 286)
(114,62750, 12550)
(708,25648, 6412)
(1076,316790, 31679)
(273,8224, 1370)
(528,338746, 33874)
(584,746748, 20182)
(1148,446417, 111604)
(1119,316790, 31679)
(1321,286, 286)
(456,0, 0)
(62,800234, 80023)
(540,1230559, 53502)
(1184,65590, 8198)
(1222,1113508, 23691)
(1566,0, 0)
(734,311449, 103816)
(1567,41664, 4166)
(795,368580, 30715)
(41,78827, 4926)
(762,25100, 12550)
(279,37650, 12550)
(193,81083, 81083)
(479,478310, 20796)
(836,65855, 65855)
(1394,3101144, 13367)
(1466,338746, 33874)
(1062,316790, 31679)
(1051,403136, 25196)
(774,0, 0)
(465,13101, 4367)
(1122,316790, 31679)
(984,316472, 35163)
(1061,316790, 31679)
(101,163150, 12550)
(1019,316790, 31679)
(1060,316790, 31679)
(112,2434691, 304336)
(1266,316790, 31679)
(502,164012, 16401)
(550,373215, 20734)
(344,293, 293)
(1213,12751, 12751)
(1613,2085, 2085)
(1285,338746, 33874)
(1482,338746, 33874)
(1451,286, 143)
(1215,102358, 102358)
(1105,316472, 35163)
(1212,17916, 5972)
(167,62750, 12550)
(493,0, 0)
(294,111376, 111376)
(639,286, 143)
(888,65590, 8198)
(832,13367, 6683)
(444,1077584, 71838)
(676,70480, 17620)
(1434,408125, 31394)
(855,5693, 5693)
(388,109331, 109331)
(69,316790, 31679)
(975,316790, 31679)
(1283,25100, 12550)
(747,462993, 24368)
(284,589, 294)
(36,89381, 29793)
(876,12550, 12550)
(1568,80518, 80518)
(974,316790, 31679)
(396,286, 286)
(662,105830, 105830)
(714,338746, 33874)
(226,316790, 31679)
(172,50200, 12550)
(686,19659, 9829)
(1323,382480, 31873)
(568,81083, 81083)
(572,59295, 59295)
(139,33716, 8429)
(520,316790, 31679)
(1464,99259, 11028)
(443,258941, 17262)
(1387,69480, 69480)
(1256,164012, 16401)
(1577,338746, 33874)
(1000,316790, 31679)
(823,66056, 22018)
(1362,330997, 30090)
(1520,107694, 15384)
(1456,14635, 7317)
(375,12550, 12550)
(58,51296, 6412)
(370,17997, 17997)
(1029,316790, 31679)
(890,12550, 12550)
(1087,316790, 31679)
(1586,393643, 24602)
(378,316790, 31679)
(201,552532, 276266)
(488,373215, 20734)
(202,622, 311)
(116,81083, 81083)
(633,19659, 9829)
(209,1160, 290)
(257,25100, 12550)
(518,15696, 3924)
(575,7008, 1168)
(992,316790, 31679)
(1237,19659, 9829)
(182,22749, 7583)
(869,2263, 2263)
(1108,316790, 31679)
(953,316472, 35163)
(1143,19659, 9829)
(1276,339064, 30824)
(1492,12550, 12550)
(768,373533, 19659)
(148,15191, 5063)
(590,572, 143)
(24,62750, 12550)
(239,454616, 22730)
(635,228003, 28500)
(1201,240852, 120426)
(878,12836, 6418)
(593,41828, 41828)
(555,338746, 33874)
(675,338746, 33874)
(1356,318, 318)
(1359,8184, 4092)
(530,396437, 18877)
(364,13101, 4367)
(798,65590, 8198)
(1232,6150, 6150)
(790,636, 318)
(27,960522, 13920)
(538,18802, 4700)
(670,396434, 23319)
(323,0, 0)
(79,22814, 22814)
(1014,419787, 26236)
(381,606, 202)
(404,338746, 33874)
(1344,192711, 24088)
(449,2152925, 18721)
(1089,316472, 35163)
(512,338746, 33874)
(289,349597, 26892)
(697,107694, 15384)
(1067,316790, 31679)
(1458,12550, 12550)
(660,164012, 16401)
(348,13101, 4367)
(424,125975, 11452)
(277,25261, 6315)
(159,313750, 12550)
(632,339064, 28255)
(1352,14707, 2451)
(1517,12824, 6412)
(56,68256, 5688)
(447,8599, 8599)
(3,72209, 72209)
(1131,11586, 11586)
(657,447977, 27998)
(1455,286, 143)
(1561,81083, 81083)
(819,12824, 6412)
(1575,65590, 8198)
(176,41664, 4166)
(66,81083, 81083)
(610,211748, 21174)
(1490,594, 297)
(1031,12550, 12550)
(220,81083, 81083)
(673,482824, 160941)
(699,2522820, 630705)
(628,50200, 12550)
(1267,0, 0)
(158,10529, 10529)
(681,339064, 30824)
(777,14913, 4971)
(100,41664, 4166)
(597,4112, 1370)
(320,110095, 110095)
(669,101137, 10113)
(211,14913, 4971)
(1135,37650, 12550)
(711,373533, 19659)
(1304,129448, 21574)
(981,316790, 31679)
(932,403615, 25225)
(1364,89778, 89778)
(1468,30699, 10233)
(1338,338746, 33874)
(441,318, 318)
(1098,4729, 4729)
(307,338746, 33874)
(416,1438514, 119876)
(1177,65590, 8198)
(849,286, 143)
(1293,65855, 65855)
(419,41828, 41828)
(592,58136, 58136)
(345,0, 0)
(656,19659, 9829)
(740,12550, 12550)
(1420,12550, 12550)
(1553,72681, 24227)
(1597,1338897, 11954)
(507,13596, 13596)
(1503,269422, 10362)
(134,52857, 10571)
(667,636, 318)
(138,50200, 12550)
(1583,318, 318)
(794,65590, 8198)
(793,42146, 21073)
(28,286, 143)
(61,81083, 81083)
(89,373533, 19659)
(1244,396824, 33068)
(903,59295, 59295)
(1137,89778, 89778)
(761,1287783, 99060)
(496,125500, 12550)
(1521,19659, 9829)
(693,25100, 12550)
(1433,373215, 20734)
(755,37505, 37505)
(1350,107694, 15384)
(1327,511544, 30090)
(513,12550, 12550)
(785,1371923, 21436)
(150,40459, 5057)
(728,19659, 9829)
(1005,316790, 31679)
(1443,125975, 11452)
(1342,572, 143)
(645,318761, 106253)
(1557,3850, 1925)
(1605,339064, 30824)
(519,0, 0)
(1298,316790, 31679)
(256,117492, 117492)
(1033,421870, 26366)
(1400,286, 143)
(22,12550, 12550)
(930,379706, 27121)
(1197,339064, 30824)
(1057,316472, 35163)
(1166,7383, 7383)
(1489,12550, 12550)
(399,0, 0)
(99,284932, 12388)
(1509,89778, 89778)
(566,5058620, 505862)
(899,117492, 117492)
(952,316790, 31679)
(1371,7383, 7383)
(965,316472, 35163)
(1376,65590, 8198)
(249,430439, 107609)
(1504,339064, 30824)
(886,274, 274)
(796,0, 0)
(92,3695852, 1847926)
(1156,33676, 5612)
(1477,396824, 33068)
(1408,445036, 111259)
(328,286, 143)
(497,377745, 14528)
(433,81083, 81083)
(1125,1833515, 141039)
(976,325293, 29572)
(39,50200, 12550)
(841,63764, 9109)
(495,607, 303)
(671,110095, 110095)
(910,211748, 21174)
(8,192711, 24088)
(504,450733, 26513)
(571,2276956, 569239)
(287,339064, 30824)
(812,12550, 12550)
(1022,316790, 31679)
(1588,338746, 33874)
(1257,110095, 110095)
(1262,19768, 9884)
(1020,316790, 31679)
(1082,399311, 24956)
(650,286, 143)
(1040,316472, 35163)
(1207,214168, 21416)
(1250,378216, 29093)
(562,93077, 31025)
(856,12824, 6412)
(1094,316472, 35163)
(948,316472, 35163)
(217,62750, 12550)
(102,37107, 37107)
(1409,1277805, 106483)
(760,218164, 36360)
(861,39000, 13000)
(797,284675, 28467)
(42,12824, 6412)
(1418,63764, 9109)
(1340,12550, 12550)
(1196,59545, 59545)
(506,12550, 12550)
(950,316472, 35163)
(767,286, 286)
(543,81083, 81083)
(1431,1275122, 19031)
(1436,12550, 12550)
(229,12837, 6418)
(935,316790, 31679)
(1003,346339, 28861)
(1065,358782, 32616)
(334,25100, 12550)
(1059,316790, 31679)
(1560,30658, 30658)
(871,477159, 20746)
(268,81083, 81083)
(626,107694, 15384)
(173,130482, 130482)
(654,19761, 9880)
(1093,316472, 35163)
(1170,50648, 16882)
(1117,48171, 24085)
(1006,316790, 31679)
(242,286, 95)
(1332,57056, 57056)
(892,92129, 4005)
(581,19659, 9829)
(1049,316790, 31679)
(781,274145, 91381)
(73,192393, 27484)
(1189,136400, 136400)
(583,12550, 12550)
(648,316790, 31679)
(94,554, 277)
(183,338746, 33874)
(431,125975, 11452)
(177,338746, 33874)
(646,107694, 15384)
(1146,22622, 7540)
(1136,380204, 95051)
(1485,81083, 81083)
(1530,13600, 13600)
(129,390984, 32582)
(1035,226565, 25173)
(827,378216, 29093)
(1383,91789, 13112)
(1585,27893, 13946)
(162,294, 294)
(354,12824, 6412)
(988,316472, 35163)
(817,12824, 6412)
(554,110664, 55332)
(1318,398414, 28458)
(1302,457949, 14310)
(580,316790, 31679)
(421,41437, 41437)
(473,11386, 3795)
(1538,339064, 30824)
(286,38496, 38496)
(1348,173337, 10833)
(920,323474, 24882)
(1246,218482, 31211)
(1612,338746, 33874)
(997,316790, 31679)
(1235,164012, 16401)
(1224,117479, 14684)
(805,0, 0)
(1112,6086498, 1014416)
(313,318, 318)
(153,373215, 20734)
(1476,38686, 19343)
(545,7383, 7383)
(1260,339064, 30824)
(1086,316472, 35163)
(1274,12550, 12550)
(1413,339064, 30824)
(124,830, 276)
(151,409158, 25572)
(608,37650, 12550)
(314,286, 143)
(896,930489, 12923)
(663,432474, 25439)
(630,339064, 30824)
(1581,316790, 31679)
(1205,389169, 25944)
(1393,81083, 81083)
(335,5707442, 116478)
(968,229735, 38289)
(1343,11077, 11077)
(223,12550, 12550)
(1439,19659, 9829)
(74,81083, 81083)
(723,572, 143)
(906,316790, 31679)
(1591,65778, 16444)
(285,1153773, 17750)
(724,339064, 30824)
(281,270667, 90222)
(188,277027, 92342)
(253,418141, 104535)
(883,13101, 4367)
(927,316472, 35163)
(1083,316472, 35163)
(332,338746, 33874)
(702,186487, 20720)
(1388,396824, 33068)
(523,1222, 244)
(889,68687, 34343)
(1424,378216, 29093)
(1602,117479, 14684)
(1524,1742679, 145223)
(1506,12550, 12550)
(629,373533, 19659)
(846,12550, 12550)
(13,5015742, 77165)
(1441,339064, 30824)
(617,339064, 30824)
(853,14635, 7317)
(1154,12550, 12550)
(333,421803, 26362)
(1142,327544, 109181)
(1328,655140, 327570)
(23,16248, 16248)
(292,53826, 13456)
(1494,107694, 15384)
(237,12550, 12550)
(1507,338746, 33874)
(274,81083, 81083)
(1233,286, 143)
(860,25648, 6412)
(1034,316790, 31679)
(1544,156894, 17432)
(409,115474, 57737)
(1004,406375, 23904)
(462,14635, 7317)
(128,3409048, 109969)
(331,339064, 30824)
(821,145148, 36287)
(382,286, 143)
(532,338746, 33874)
(842,308, 308)
(1134,339064, 30824)
(1381,12550, 12550)
(272,109331, 109331)
(403,338746, 33874)
(37,689196, 16409)
(625,65855, 65855)
(164,20631, 6877)
(1334,14917, 14917)
(429,37505, 37505)
(368,339064, 30824)
(1325,7383, 7383)
(44,25100, 12550)
(276,211748, 21174)
(576,65590, 8198)
(1382,318, 318)
(1555,446326, 29755)
(1032,316790, 31679)
(322,8599, 8599)
(1126,851194, 60799)
(1345,40486, 13495)
(1576,127617, 21269)
(423,431071, 26941)
(231,80336, 20084)
(738,338746, 33874)
(476,312, 312)
(1322,196770, 8198)
(75,0, 0)
(651,70480, 17620)
(524,338746, 33874)
(55,22814, 22814)
(517,9016, 9016)
(435,116900, 116900)
(641,338746, 33874)
(1270,0, 0)
(522,10433, 3477)
(1168,0, 0)
(197,338746, 33874)
(17,565678, 113135)
(1176,81083, 81083)
(1194,338746, 33874)
(810,25100, 12550)
(1417,286, 286)
(262,511079, 85179)
(1447,316790, 31679)
(1243,408219, 15119)
(1529,12550, 12550)
(361,116900, 116900)
(800,41828, 41828)
(180,133817, 66908)
(445,6745, 6745)
(1088,316472, 35163)
(696,605, 302)
(1204,318, 318)
(1043,616185, 41079)
(1510,373533, 19659)
(1109,445777, 27861)
(1541,130482, 130482)
(459,286, 286)
(783,153714, 76857)
(1432,316790, 31679)
(1460,192711, 24088)
(966,368865, 23054)
(1463,135971, 19424)
(163,1742679, 145223)
(349,613, 306)
(1505,368580, 30715)
(1404,318, 318)
(820,29573, 29573)
(295,41664, 4166)
(59,9874, 1645)
(987,316790, 31679)
(573,318, 318)
(924,316472, 35163)
(1048,327867, 29806)
(1522,339064, 30824)
(1508,600458, 15011)
(895,807836, 42517)
(595,81083, 81083)
(367,1802744, 138672)
(1265,286, 143)
(1071,316790, 31679)
(655,40811, 20405)
(1209,277, 277)
(20,2433547, 2433547)
(891,286, 286)
(694,2050502, 102525)
(986,316790, 31679)
(1075,316472, 35163)
(1360,316472, 35163)
(1157,4136, 1034)
(1407,887, 887)
(207,13377, 13377)
(634,423496, 14603)
(1230,22814, 22814)
(1336,1105380, 19738)
(1543,65590, 8198)
(1465,19659, 9829)
(1300,12550, 12550)
(904,374016, 18700)
(457,589943, 117988)
(264,14479, 3619)
(829,286, 95)
(951,316790, 31679)
(962,316790, 31679)
(735,605, 302)
(1453,107694, 15384)
(302,770039, 25667)
(221,162166, 54055)
(107,316790, 31679)
(1092,316472, 35163)
(6,100400, 12550)
(1161,107694, 15384)
(541,39000, 13000)
(1398,328909, 19347)
(624,13132, 4377)
(1403,66980, 66980)
(86,118245, 4926)
(579,65590, 8198)
(1106,327867, 29806)
(135,28005, 9335)
(1474,338746, 33874)
(184,81083, 81083)
(511,12550, 12550)
(666,0, 0)
(110,25101, 25101)
(171,37650, 12550)
(828,192393, 27484)
(1578,338746, 33874)
(780,14060, 7030)
(422,5208, 2604)
(1449,274, 274)
(1365,41328, 41328)
(267,65207, 9315)
(1326,164050, 82025)
(216,50200, 12550)
(881,88527, 5901)
(778,81083, 81083)
(937,316472, 35163)
(195,25100, 12550)
(914,781968, 97746)
(1454,19450, 19450)
(668,338746, 33874)
(844,7075, 3537)
(360,12550, 12550)
(606,11077, 11077)
(880,318761, 106253)
(432,316790, 31679)
(941,316790, 31679)
(283,41664, 4166)
(960,316790, 31679)
(1045,316472, 35163)
(733,87835, 12547)
(709,286, 143)
(972,316790, 31679)
(270,338746, 33874)
(1211,12550, 12550)
(908,111745, 111745)
(887,12836, 6418)
(1291,1636567, 23050)
(319,50200, 12550)
(288,338746, 33874)
(108,4112, 1370)
(1501,106938, 106938)
(707,65590, 8198)
(1305,12550, 12550)
(916,192711, 24088)
(484,13596, 13596)
(830,41917, 41917)
(1058,316472, 35163)
(1281,127299, 25459)
(1333,339064, 30824)
(48,264104, 24009)
(718,19659, 9829)
(1614,72090, 72090)
(551,373215, 20734)
(926,316790, 31679)
(1099,381744, 34704)
(32,16273379, 57503)
(897,401076, 100269)
(679,65590, 8198)
(393,18826, 4706)
(719,338746, 33874)
(689,338746, 33874)
(1255,338746, 33874)
(782,12836, 6418)
(119,572, 114)
(1450,1392535, 51575)
(1437,187760, 31293)
(1198,211748, 21174)
(1563,338746, 33874)
(310,339064, 30824)
(816,12550, 12550)
(395,338746, 33874)
(1011,316790, 31679)
(1427,59545, 59545)
(269,19659, 9829)
(848,623, 207)
(946,316790, 31679)
(1047,316472, 35163)
(1527,4963689, 451244)
(371,22814, 22814)
(9,12550, 12550)
(945,316790, 31679)
(372,338746, 33874)
(508,598, 299)
(1498,24544, 4908)
(605,22814, 22814)
(1268,1058803, 132350)
(706,338746, 33874)
(710,110095, 110095)
(1353,59545, 59545)
(1208,240566, 240566)
(1,2762635, 25819)
(1313,59295, 59295)
(909,110095, 110095)
(1228,211748, 21174)
(1259,70480, 17620)
(638,327544, 109181)
(1024,316790, 31679)
(840,14635, 7317)
(155,249221, 31152)
(1296,339064, 30824)
(1254,339064, 30824)
(57,162166, 81083)
(21,286, 143)
(15,1477, 1477)
(1562,13101, 4367)
(35,0, 0)
(653,21585, 3083)
(970,316790, 31679)
(1090,316790, 31679)
(955,327549, 32754)
(369,93077, 31025)
(123,572, 114)
(213,7383, 7383)
(420,55477, 27738)
(1378,316790, 31679)
(751,12824, 6412)
(122,286, 95)
(95,33263, 8315)
(1210,571762, 40840)
(834,338746, 33874)
(275,25100, 12550)
(1559,11077, 11077)
(115,50200, 12550)
(326,129754, 43251)
(1478,8655, 8655)
(560,446417, 111604)
(548,662503, 34868)
(1152,4286, 2143)
(1028,396449, 28317)
(677,267790, 22315)
(165,1108, 277)
(377,396824, 33068)
(45,338746, 33874)
(131,14414, 7207)
(807,14707, 2451)
(763,455795, 113948)
(776,240022, 26669)
(1349,2045107, 52438)
(1606,12550, 12550)
(898,382130, 29394)
(121,69181, 69181)
(1481,41828, 41828)
(63,338746, 33874)
(11,13037, 6518)
(298,2921, 1460)
(1548,144941, 16104)
(822,93395, 23348)
(1609,316790, 31679)
(47,7383, 7383)
(586,316790, 31679)
(246,81083, 81083)
(936,316472, 35163)
(486,465780, 16635)
(1038,316790, 31679)
(731,13335, 6667)
(994,461643, 27155)
(589,220362, 27545)
(103,42341, 4234)
(351,34200, 17100)
(964,316472, 35163)
(1120,316790, 31679)
(1611,379502, 54214)
(1046,316472, 35163)
(297,19761, 9880)
(921,12550, 12550)
(1160,83620, 16724)
(725,316790, 31679)
(1329,72090, 72090)
(1421,12824, 6412)
(1593,211748, 21174)
(1236,339064, 30824)
(599,286, 143)
(737,416358, 29739)
(561,4738485, 2369242)
(687,224692, 16049)
(7,70480, 17620)
(356,65272, 9324)
(53,22814, 22814)
(1249,40459, 5057)
(591,13600, 13600)
(1392,83656, 41828)
(1537,339064, 30824)
(1558,339064, 30824)
(120,327544, 54590)
(366,309, 103)
(214,130482, 130482)
(501,37650, 12550)
(34,0, 0)
(336,6271, 6271)
(1373,41828, 41828)
(1540,316790, 31679)
(341,50200, 12550)
(1488,218482, 31211)
(132,61652, 15413)
(169,255438, 4644)
(1551,36829, 18414)
(1021,316472, 35163)
(1574,217201, 54300)
(1523,473744, 26319)
(481,125975, 11452)
(744,286, 143)
(688,41664, 4166)
(587,81083, 81083)
(374,0, 0)
(609,12824, 6412)
(882,12550, 12550)
(1042,316790, 31679)
(1163,110095, 110095)
(1064,412035, 25752)
(308,38496, 38496)
(982,338944, 28245)
(1025,316790, 31679)
(1036,440337, 27521)
(1169,455524, 26795)
(1330,18149, 9074)
(1380,441427, 110356)
